start,end,position,line,text,unformatted
13.497,25.509,98,0,<92>h</c><89>o</c><86>l</c><84>o</c><80>l</c><76>i</c><75>v</c><72>e</c><66></c><64>i</c><62>d</c><59>o</c><57>l</c><54></c><51>p</c><48>r</c><45>o</c><43>j</c><40>e</c><37>c</c><34>t</c><31></c><29>-</c><26></c><24>至</c><22>上</c><17>主</c><14>義</c><13>ア</c><11>ド</c><7>ト</c><5>ラ</c><2>ッ</c><1>ク</c>,hololiveidolproject-至上主義アドトラック
16.5,19.503,-1,78,<92>作</c><73>詞</c><53>:</c><35></c><16>は</c><1>る</c>,作詞:はる
19.503,22.506,-1,78,<92>作</c><82>曲</c><70>・</c><59>編</c><49>曲</c><39>:</c><29>如</c><18>月</c><9>結</c><1>愛</c>,作曲・編曲:如月結愛
22.506,25.509,70,78,<92>歌</c><87>:</c><83></c><78>夏</c><74>色</c><67>ま</c><63>つ</c><59>り</c><56></c><50></c><46>大</c><42>神</c><38>ミ</c><32>オ</c><29></c><25></c><21>不</c><15>知</c><12>火</c><8>フ</c><4>レ</c><1>ア</c>,歌:夏色まつり大神ミオ不知火フレア
25.709,25.909,-1,78,<71>目</c><77>合わせ始まる品定め</c>,目合わせ始まる品定め
25.709,25.909,-1,0,<71>め</c><77>あわせはじまるしなさだめ</c>,めあわせはじまるしなさだめ
25.909,26.076,-1,78,<71>目合</c><77>わせ始まる品定め</c>,目合わせ始まる品定め
25.909,26.076,-1,0,<71>めあ</c><77>わせはじまるしなさだめ</c>,めあわせはじまるしなさだめ
26.076,26.243,-1,78,<71>目合わ</c><77>せ始まる品定め</c>,目合わせ始まる品定め
26.076,26.243,-1,0,<71>めあわ</c><77>せはじまるしなさだめ</c>,めあわせはじまるしなさだめ
26.243,26.543,-1,78,<71>目合わせ</c><77>始まる品定め</c>,目合わせ始まる品定め
26.243,26.543,-1,0,<71>めあわせ</c><77>はじまるしなさだめ</c>,めあわせはじまるしなさだめ
26.543,26.777,-1,78,<71>目合わせ始</c><77>まる品定め</c>,目合わせ始まる品定め
26.543,26.777,-1,0,<71>めあわせは</c><77>じまるしなさだめ</c>,めあわせはじまるしなさだめ
26.777,27.011,-1,78,<71>目合わせ始</c><77>まる品定め</c>,目合わせ始まる品定め
26.777,27.011,-1,0,<71>めあわせはじ</c><77>まるしなさだめ</c>,めあわせはじまるしなさだめ
27.011,27.211,-1,78,<71>目合わせ始ま</c><77>る品定め</c>,目合わせ始まる品定め
27.011,27.211,-1,0,<71>めあわせはじま</c><77>るしなさだめ</c>,めあわせはじまるしなさだめ
27.211,27.378,-1,78,<71>目合わせ始まる</c><77>品定め</c>,目合わせ始まる品定め
27.211,27.378,-1,0,<71>めあわせはじまる</c><77>しなさだめ</c>,めあわせはじまるしなさだめ
27.378,27.578,-1,78,<71>目合わせ始まる品</c><77>定め</c>,目合わせ始まる品定め
27.378,27.578,-1,0,<71>めあわせはじまるし</c><77>なさだめ</c>,めあわせはじまるしなさだめ
27.578,27.945,-1,78,<71>目合わせ始まる品</c><77>定め</c>,目合わせ始まる品定め
27.578,27.945,-1,0,<71>めあわせはじまるしな</c><77>さだめ</c>,めあわせはじまるしなさだめ
27.945,28.145,-1,78,<71>目合わせ始まる品定</c><77>め</c>,目合わせ始まる品定め
27.945,28.145,-1,0,<71>めあわせはじまるしなさ</c><77>だめ</c>,めあわせはじまるしなさだめ
28.145,28.312,-1,78,<71>目合わせ始まる品定</c><77>め</c>,目合わせ始まる品定め
28.145,28.312,-1,0,<71>めあわせはじまるしなさだ</c><77>め</c>,めあわせはじまるしなさだめ
28.312,28.712,-1,78,<71>目合わせ始まる品定め</c>,目合わせ始まる品定め
28.312,28.712,-1,0,<71>めあわせはじまるしなさだめ</c>,めあわせはじまるしなさだめ
28.712,28.879,-1,78,<91>不</c><77>足したままの意思疎通</c>,不足したままの意思疎通
28.712,28.879,-1,0,<91>ふ</c><77>そくしたままのいしそつう</c>,ふそくしたままのいしそつう
28.879,29.079,-1,78,<91>不足</c><77>したままの意思疎通</c>,不足したままの意思疎通
28.879,29.079,-1,0,<91>ふそ</c><77>くしたままのいしそつう</c>,ふそくしたままのいしそつう
29.079,29.246,-1,78,<91>不足</c><77>したままの意思疎通</c>,不足したままの意思疎通
29.079,29.246,-1,0,<91>ふそく</c><77>したままのいしそつう</c>,ふそくしたままのいしそつう
29.246,29.446,-1,78,<91>不足し</c><77>たままの意思疎通</c>,不足したままの意思疎通
29.246,29.446,-1,0,<91>ふそくし</c><77>たままのいしそつう</c>,ふそくしたままのいしそつう
29.446,29.613,-1,78,<91>不足した</c><77>ままの意思疎通</c>,不足したままの意思疎通
29.446,29.613,-1,0,<91>ふそくした</c><77>ままのいしそつう</c>,ふそくしたままのいしそつう
29.613,29.813,-1,78,<91>不足したま</c><77>まの意思疎通</c>,不足したままの意思疎通
29.613,29.813,-1,0,<91>ふそくしたま</c><77>まのいしそつう</c>,ふそくしたままのいしそつう
29.813,30.18,-1,78,<91>不足したまま</c><77>の意思疎通</c>,不足したままの意思疎通
29.813,30.18,-1,0,<91>ふそくしたまま</c><77>のいしそつう</c>,ふそくしたままのいしそつう
30.18,30.381,-1,78,<91>不足したままの</c><77>意思疎通</c>,不足したままの意思疎通
30.18,30.381,-1,0,<91>ふそくしたままの</c><77>いしそつう</c>,ふそくしたままのいしそつう
30.381,30.581,-1,78,<91>不足したままの意</c><77>思疎通</c>,不足したままの意思疎通
30.381,30.581,-1,0,<91>ふそくしたままのい</c><77>しそつう</c>,ふそくしたままのいしそつう
30.581,30.948,-1,78,<91>不足したままの意思</c><77>疎通</c>,不足したままの意思疎通
30.581,30.948,-1,0,<91>ふそくしたままのいし</c><77>そつう</c>,ふそくしたままのいしそつう
30.948,31.148,-1,78,<91>不足したままの意思疎</c><77>通</c>,不足したままの意思疎通
30.948,31.148,-1,0,<91>ふそくしたままのいしそ</c><77>つう</c>,ふそくしたままのいしそつう
31.148,31.715,-1,78,<91>不足したままの意思疎通</c>,不足したままの意思疎通
31.148,31.315,-1,0,<91>ふそくしたままのいしそつ</c><77>う</c>,ふそくしたままのいしそつう
31.315,31.715,-1,0,<91>ふそくしたままのいしそつう</c>,ふそくしたままのいしそつう
31.715,31.882,-1,78,<90>無</c><77>意味な称賛満足気</c>,無意味な称賛満足気
31.715,31.882,-1,0,<90>む</c><77>いみなしょうさんまんぞくげ</c>,むいみなしょうさんまんぞくげ
31.882,32.082,-1,78,<90>無意</c><77>味な称賛満足気</c>,無意味な称賛満足気
31.882,32.082,-1,0,<90>むい</c><77>みなしょうさんまんぞくげ</c>,むいみなしょうさんまんぞくげ
32.082,32.249,-1,78,<90>無意味</c><77>な称賛満足気</c>,無意味な称賛満足気
32.082,32.249,-1,0,<90>むいみ</c><77>なしょうさんまんぞくげ</c>,むいみなしょうさんまんぞくげ
32.249,32.416,-1,78,<90>無意味な</c><77>称賛満足気</c>,無意味な称賛満足気
32.249,32.416,-1,0,<90>むいみな</c><77>しょうさんまんぞくげ</c>,むいみなしょうさんまんぞくげ
32.416,32.816,-1,78,<90>無意味な称</c><77>賛満足気</c>,無意味な称賛満足気
32.416,32.816,-1,0,<90>むいみなしょ</c><77>うさんまんぞくげ</c>,むいみなしょうさんまんぞくげ
32.816,32.983,-1,78,<90>無意味な称</c><77>賛満足気</c>,無意味な称賛満足気
32.816,32.983,-1,0,<90>むいみなしょう</c><77>さんまんぞくげ</c>,むいみなしょうさんまんぞくげ
32.983,33.183,-1,78,<90>無意味な称賛</c><77>満足気</c>,無意味な称賛満足気
32.983,33.183,-1,0,<90>むいみなしょうさ</c><77>んまんぞくげ</c>,むいみなしょうさんまんぞくげ
33.183,33.55,-1,78,<90>無意味な称賛</c><77>満足気</c>,無意味な称賛満足気
33.183,33.55,-1,0,<90>むいみなしょうさん</c><77>まんぞくげ</c>,むいみなしょうさんまんぞくげ
33.55,33.784,-1,78,<90>無意味な称賛満</c><77>足気</c>,無意味な称賛満足気
33.55,33.784,-1,0,<90>むいみなしょうさんま</c><77>んぞくげ</c>,むいみなしょうさんまんぞくげ
33.784,33.917,-1,78,<90>無意味な称賛満</c><77>足気</c>,無意味な称賛満足気
33.784,33.917,-1,0,<90>むいみなしょうさんまん</c><77>ぞくげ</c>,むいみなしょうさんまんぞくげ
33.917,34.118,-1,78,<90>無意味な称賛満足</c><77>気</c>,無意味な称賛満足気
33.917,34.118,-1,0,<90>むいみなしょうさんまんぞ</c><77>くげ</c>,むいみなしょうさんまんぞくげ
34.118,34.284,-1,78,<90>無意味な称賛満足</c><77>気</c>,無意味な称賛満足気
34.118,34.284,-1,0,<90>むいみなしょうさんまんぞく</c><77>げ</c>,むいみなしょうさんまんぞくげ
34.284,34.518,-1,78,<90>無意味な称賛満足気</c>,無意味な称賛満足気
34.284,34.518,-1,0,<90>むいみなしょうさんまんぞくげ</c>,むいみなしょうさんまんぞくげ
34.518,35.085,-1,78,<90>疲</c><77>弊の見本市</c>,疲弊の見本市
34.518,35.085,-1,0,<90>ひ</c><77>へいのみほんいち</c>,ひへいのみほんいち
35.085,35.452,-1,78,<90>疲弊</c><77>の見本市</c>,疲弊の見本市
35.085,35.452,-1,0,<90>ひへ</c><77>いのみほんいち</c>,ひへいのみほんいち
35.452,35.619,-1,78,<90>疲弊</c><77>の見本市</c>,疲弊の見本市
35.452,35.619,-1,0,<90>ひへい</c><77>のみほんいち</c>,ひへいのみほんいち
35.619,35.819,-1,78,<90>疲弊の</c><77>見本市</c>,疲弊の見本市
35.619,35.819,-1,0,<90>ひへいの</c><77>みほんいち</c>,ひへいのみほんいち
35.819,36.186,-1,78,<90>疲弊の見</c><77>本市</c>,疲弊の見本市
35.819,36.186,-1,0,<90>ひへいのみ</c><77>ほんいち</c>,ひへいのみほんいち
36.186,36.353,-1,78,<90>疲弊の見本</c><77>市</c>,疲弊の見本市
36.186,36.353,-1,0,<90>ひへいのみほ</c><77>んいち</c>,ひへいのみほんいち
36.353,36.553,-1,78,<90>疲弊の見本</c><77>市</c>,疲弊の見本市
36.353,36.553,-1,0,<90>ひへいのみほん</c><77>いち</c>,ひへいのみほんいち
36.553,37.121,-1,78,<90>疲弊の見本市</c>,疲弊の見本市
36.553,36.72,-1,0,<90>ひへいのみほんい</c><77>ち</c>,ひへいのみほんいち
36.72,37.121,-1,0,<90>ひへいのみほんいち</c>,ひへいのみほんいち
37.688,37.855,-1,78,<91>虚</c><77>に飾る紙面上</c>,虚に飾る紙面上
37.688,37.855,-1,0,<91>う</c><77>つろにかざるしめんじょう</c>,うつろにかざるしめんじょう
37.855,38.055,-1,78,<91>虚</c><77>に飾る紙面上</c>,虚に飾る紙面上
37.855,38.055,-1,0,<91>うつ</c><77>ろにかざるしめんじょう</c>,うつろにかざるしめんじょう
38.055,38.255,-1,78,<91>虚</c><77>に飾る紙面上</c>,虚に飾る紙面上
38.055,38.255,-1,0,<91>うつろ</c><77>にかざるしめんじょう</c>,うつろにかざるしめんじょう
38.255,38.522,-1,78,<91>虚に</c><77>飾る紙面上</c>,虚に飾る紙面上
38.255,38.522,-1,0,<91>うつろに</c><77>かざるしめんじょう</c>,うつろにかざるしめんじょう
38.522,38.756,-1,78,<91>虚に飾</c><77>る紙面上</c>,虚に飾る紙面上
38.522,38.756,-1,0,<91>うつろにか</c><77>ざるしめんじょう</c>,うつろにかざるしめんじょう
38.756,39.023,-1,78,<91>虚に飾</c><77>る紙面上</c>,虚に飾る紙面上
38.756,39.023,-1,0,<91>うつろにかざ</c><77>るしめんじょう</c>,うつろにかざるしめんじょう
39.023,39.189,-1,78,<91>虚に飾る</c><77>紙面上</c>,虚に飾る紙面上
39.023,39.189,-1,0,<91>うつろにかざる</c><77>しめんじょう</c>,うつろにかざるしめんじょう
39.189,39.556,-1,78,<91>虚に飾る紙</c><77>面上</c>,虚に飾る紙面上
39.189,39.556,-1,0,<91>うつろにかざるし</c><77>めんじょう</c>,うつろにかざるしめんじょう
39.556,39.89,-1,78,<91>虚に飾る紙面</c><77>上</c>,虚に飾る紙面上
39.556,39.89,-1,0,<91>うつろにかざるしめ</c><77>んじょう</c>,うつろにかざるしめんじょう
39.89,40.09,-1,78,<91>虚に飾る紙面</c><77>上</c>,虚に飾る紙面上
39.89,40.09,-1,0,<91>うつろにかざるしめん</c><77>じょう</c>,うつろにかざるしめんじょう
40.09,40.691,-1,78,<91>虚に飾る紙面上</c>,虚に飾る紙面上
40.09,40.29,-1,0,<91>うつろにかざるしめんじょ</c><77>う</c>,うつろにかざるしめんじょう
40.29,40.691,-1,0,<91>うつろにかざるしめんじょう</c>,うつろにかざるしめんじょう
40.691,40.758,-1,78,<90>凸</c><77>凹に振翳した詭弁</c>,凸凹に振翳した詭弁
40.691,40.758,-1,0,<90>で</c><77>こぼこにふりかざしたきべん</c>,でこぼこにふりかざしたきべん
40.758,40.858,-1,78,<90>凸</c><77>凹に振翳した詭弁</c>,凸凹に振翳した詭弁
40.758,40.858,-1,0,<90>でこ</c><77>ぼこにふりかざしたきべん</c>,でこぼこにふりかざしたきべん
40.858,41.058,-1,78,<90>凸凹</c><77>に振翳した詭弁</c>,凸凹に振翳した詭弁
40.858,41.058,-1,0,<90>でこぼ</c><77>こにふりかざしたきべん</c>,でこぼこにふりかざしたきべん
41.058,41.258,-1,78,<90>凸凹</c><77>に振翳した詭弁</c>,凸凹に振翳した詭弁
41.058,41.258,-1,0,<90>でこぼこ</c><77>にふりかざしたきべん</c>,でこぼこにふりかざしたきべん
41.258,41.458,-1,78,<90>凸凹に</c><77>振翳した詭弁</c>,凸凹に振翳した詭弁
41.258,41.458,-1,0,<90>でこぼこに</c><77>ふりかざしたきべん</c>,でこぼこにふりかざしたきべん
41.458,41.625,-1,78,<90>凸凹に振</c><77>翳した詭弁</c>,凸凹に振翳した詭弁
41.458,41.625,-1,0,<90>でこぼこにふ</c><77>りかざしたきべん</c>,でこぼこにふりかざしたきべん
41.625,41.792,-1,78,<90>凸凹に振</c><77>翳した詭弁</c>,凸凹に振翳した詭弁
41.625,41.792,-1,0,<90>でこぼこにふり</c><77>かざしたきべん</c>,でこぼこにふりかざしたきべん
41.792,42.192,-1,78,<90>凸凹に振翳</c><77>した詭弁</c>,凸凹に振翳した詭弁
41.792,42.192,-1,0,<90>でこぼこにふりか</c><77>ざしたきべん</c>,でこぼこにふりかざしたきべん
42.192,42.359,-1,78,<90>凸凹に振翳</c><77>した詭弁</c>,凸凹に振翳した詭弁
42.192,42.359,-1,0,<90>でこぼこにふりかざ</c><77>したきべん</c>,でこぼこにふりかざしたきべん
42.359,42.559,-1,78,<90>凸凹に振翳し</c><77>た詭弁</c>,凸凹に振翳した詭弁
42.359,42.559,-1,0,<90>でこぼこにふりかざし</c><77>たきべん</c>,でこぼこにふりかざしたきべん
42.559,42.926,-1,78,<90>凸凹に振翳した</c><77>詭弁</c>,凸凹に振翳した詭弁
42.559,42.926,-1,0,<90>でこぼこにふりかざした</c><77>きべん</c>,でこぼこにふりかざしたきべん
42.926,43.093,-1,78,<90>凸凹に振翳した詭</c><77>弁</c>,凸凹に振翳した詭弁
42.926,43.093,-1,0,<90>でこぼこにふりかざしたき</c><77>べん</c>,でこぼこにふりかざしたきべん
43.093,43.727,-1,78,<90>凸凹に振翳した詭弁</c>,凸凹に振翳した詭弁
43.093,43.327,-1,0,<90>でこぼこにふりかざしたきべ</c><77>ん</c>,でこぼこにふりかざしたきべん
43.327,43.727,-1,0,<90>でこぼこにふりかざしたきべん</c>,でこぼこにふりかざしたきべん
43.727,43.827,-1,78,<71>拉</c><77>げた顔を啄かれて</c>,拉げた顔を啄かれて
43.727,43.827,-1,0,<71>ひ</c><77>しゃげたかおをつつかれて</c>,ひしゃげたかおをつつかれて
43.827,43.927,-1,78,<71>拉</c><77>げた顔を啄かれて</c>,拉げた顔を啄かれて
43.827,43.927,-1,0,<71>ひしゃ</c><77>げたかおをつつかれて</c>,ひしゃげたかおをつつかれて
43.927,44.094,-1,78,<71>拉げ</c><77>た顔を啄かれて</c>,拉げた顔を啄かれて
43.927,44.094,-1,0,<71>ひしゃげ</c><77>たかおをつつかれて</c>,ひしゃげたかおをつつかれて
44.094,44.261,-1,78,<71>拉げた</c><77>顔を啄かれて</c>,拉げた顔を啄かれて
44.094,44.261,-1,0,<71>ひしゃげた</c><77>かおをつつかれて</c>,ひしゃげたかおをつつかれて
44.261,44.595,-1,78,<71>拉げた顔</c><77>を啄かれて</c>,拉げた顔を啄かれて
44.261,44.595,-1,0,<71>ひしゃげたか</c><77>おをつつかれて</c>,ひしゃげたかおをつつかれて
44.595,44.828,-1,78,<71>拉げた顔</c><77>を啄かれて</c>,拉げた顔を啄かれて
44.595,44.828,-1,0,<71>ひしゃげたかお</c><77>をつつかれて</c>,ひしゃげたかおをつつかれて
44.828,44.995,-1,78,<71>拉げた顔を</c><77>啄かれて</c>,拉げた顔を啄かれて
44.828,44.995,-1,0,<71>ひしゃげたかおを</c><77>つつかれて</c>,ひしゃげたかおをつつかれて
44.995,45.195,-1,78,<71>拉げた顔を啄</c><77>かれて</c>,拉げた顔を啄かれて
44.995,45.195,-1,0,<71>ひしゃげたかおをつ</c><77>つかれて</c>,ひしゃげたかおをつつかれて
45.195,45.562,-1,78,<71>拉げた顔を啄</c><77>かれて</c>,拉げた顔を啄かれて
45.195,45.562,-1,0,<71>ひしゃげたかおをつつ</c><77>かれて</c>,ひしゃげたかおをつつかれて
45.562,45.963,-1,78,<71>拉げた顔を啄か</c><77>れて</c>,拉げた顔を啄かれて
45.562,45.963,-1,0,<71>ひしゃげたかおをつつか</c><77>れて</c>,ひしゃげたかおをつつかれて
45.963,46.13,-1,78,<71>拉げた顔を啄かれ</c><77>て</c>,拉げた顔を啄かれて
45.963,46.13,-1,0,<71>ひしゃげたかおをつつかれ</c><77>て</c>,ひしゃげたかおをつつかれて
46.13,46.296,-1,78,<71>拉げた顔を啄かれて</c>,拉げた顔を啄かれて
46.13,46.296,-1,0,<71>ひしゃげたかおをつつかれて</c>,ひしゃげたかおをつつかれて
46.296,46.497,-1,78,<71>貼</c><77>付られた顔が罅割れていく</c>,貼付られた顔が罅割れていく
46.296,46.497,-1,0,<71>は</c><77>りつけられたかおがひびわれていく</c>,はりつけられたかおがひびわれていく
46.497,46.697,-1,78,<71>貼</c><77>付られた顔が罅割れていく</c>,貼付られた顔が罅割れていく
46.497,46.697,-1,0,<71>はり</c><77>つけられたかおがひびわれていく</c>,はりつけられたかおがひびわれていく
46.697,46.797,-1,78,<71>貼付</c><77>られた顔が罅割れていく</c>,貼付られた顔が罅割れていく
46.697,46.797,-1,0,<71>はりつ</c><77>けられたかおがひびわれていく</c>,はりつけられたかおがひびわれていく
46.797,47.064,-1,78,<71>貼付</c><77>られた顔が罅割れていく</c>,貼付られた顔が罅割れていく
46.797,47.064,-1,0,<71>はりつけ</c><77>られたかおがひびわれていく</c>,はりつけられたかおがひびわれていく
47.064,47.264,-1,78,<71>貼付ら</c><77>れた顔が罅割れていく</c>,貼付られた顔が罅割れていく
47.064,47.264,-1,0,<71>はりつけら</c><77>れたかおがひびわれていく</c>,はりつけられたかおがひびわれていく
47.264,47.364,-1,78,<71>貼付られ</c><77>た顔が罅割れていく</c>,貼付られた顔が罅割れていく
47.264,47.364,-1,0,<71>はりつけられ</c><77>たかおがひびわれていく</c>,はりつけられたかおがひびわれていく
47.364,47.631,-1,78,<71>貼付られた</c><77>顔が罅割れていく</c>,貼付られた顔が罅割れていく
47.364,47.631,-1,0,<71>はりつけられた</c><77>かおがひびわれていく</c>,はりつけられたかおがひびわれていく
47.631,47.831,-1,78,<71>貼付られた顔</c><77>が罅割れていく</c>,貼付られた顔が罅割れていく
47.631,47.831,-1,0,<71>はりつけられたか</c><77>おがひびわれていく</c>,はりつけられたかおがひびわれていく
47.831,47.898,-1,78,<71>貼付られた顔</c><77>が罅割れていく</c>,貼付られた顔が罅割れていく
47.831,47.898,-1,0,<71>はりつけられたかお</c><77>がひびわれていく</c>,はりつけられたかおがひびわれていく
47.898,48.198,-1,78,<71>貼付られた顔が</c><77>罅割れていく</c>,貼付られた顔が罅割れていく
47.898,48.198,-1,0,<71>はりつけられたかおが</c><77>ひびわれていく</c>,はりつけられたかおがひびわれていく
48.198,48.365,-1,78,<71>貼付られた顔が罅</c><77>割れていく</c>,貼付られた顔が罅割れていく
48.198,48.365,-1,0,<71>はりつけられたかおがひ</c><77>びわれていく</c>,はりつけられたかおがひびわれていく
48.365,48.499,-1,78,<71>貼付られた顔が罅</c><77>割れていく</c>,貼付られた顔が罅割れていく
48.365,48.499,-1,0,<71>はりつけられたかおがひび</c><77>われていく</c>,はりつけられたかおがひびわれていく
48.499,48.665,-1,78,<71>貼付られた顔が罅割</c><77>れていく</c>,貼付られた顔が罅割れていく
48.499,48.665,-1,0,<71>はりつけられたかおがひびわ</c><77>れていく</c>,はりつけられたかおがひびわれていく
48.665,48.966,-1,78,<71>貼付られた顔が罅割れ</c><77>ていく</c>,貼付られた顔が罅割れていく
48.665,48.966,-1,0,<71>はりつけられたかおがひびわれ</c><77>ていく</c>,はりつけられたかおがひびわれていく
48.966,49.133,-1,78,<71>貼付られた顔が罅割れて</c><77>いく</c>,貼付られた顔が罅割れていく
48.966,49.133,-1,0,<71>はりつけられたかおがひびわれて</c><77>いく</c>,はりつけられたかおがひびわれていく
49.133,49.333,-1,78,<71>貼付られた顔が罅割れてい</c><77>く</c>,貼付られた顔が罅割れていく
49.133,49.333,-1,0,<71>はりつけられたかおがひびわれてい</c><77>く</c>,はりつけられたかおがひびわれていく
49.333,49.5,-1,78,<71>貼付られた顔が罅割れていく</c>,貼付られた顔が罅割れていく
49.333,49.5,-1,0,<71>はりつけられたかおがひびわれていく</c>,はりつけられたかおがひびわれていく
49.5,49.867,-1,78,<90>完</c><77>膚無きまでに潰れた個の盤覆す手は？</c>,完膚無きまでに潰れた個の盤覆す手は？
49.5,49.867,-1,0,<90>か</c><77>んぷなきまでにつぶれたこのばんかえすては？</c>,かんぷなきまでにつぶれたこのばんかえすては？
49.867,50.034,-1,78,<90>完</c><77>膚無きまでに潰れた個の盤覆す手は？</c>,完膚無きまでに潰れた個の盤覆す手は？
49.867,50.034,-1,0,<90>かん</c><77>ぷなきまでにつぶれたこのばんかえすては？</c>,かんぷなきまでにつぶれたこのばんかえすては？
50.034,50.434,-1,78,<90>完膚</c><77>無きまでに潰れた個の盤覆す手は？</c>,完膚無きまでに潰れた個の盤覆す手は？
50.034,50.434,-1,0,<90>かんぷ</c><77>なきまでにつぶれたこのばんかえすては？</c>,かんぷなきまでにつぶれたこのばんかえすては？
50.434,50.601,-1,78,<90>完膚無</c><77>きまでに潰れた個の盤覆す手は？</c>,完膚無きまでに潰れた個の盤覆す手は？
50.434,50.601,-1,0,<90>かんぷな</c><77>きまでにつぶれたこのばんかえすては？</c>,かんぷなきまでにつぶれたこのばんかえすては？
50.601,50.801,-1,78,<90>完膚無き</c><77>までに潰れた個の盤覆す手は？</c>,完膚無きまでに潰れた個の盤覆す手は？
50.601,50.801,-1,0,<90>かんぷなき</c><77>までにつぶれたこのばんかえすては？</c>,かんぷなきまでにつぶれたこのばんかえすては？
50.801,51.201,-1,78,<90>完膚無きま</c><77>でに潰れた個の盤覆す手は？</c>,完膚無きまでに潰れた個の盤覆す手は？
50.801,51.201,-1,0,<90>かんぷなきま</c><77>でにつぶれたこのばんかえすては？</c>,かんぷなきまでにつぶれたこのばんかえすては？
51.201,51.368,-1,78,<90>完膚無きまで</c><77>に潰れた個の盤覆す手は？</c>,完膚無きまでに潰れた個の盤覆す手は？
51.201,51.368,-1,0,<90>かんぷなきまで</c><77>につぶれたこのばんかえすては？</c>,かんぷなきまでにつぶれたこのばんかえすては？
51.368,51.535,-1,78,<90>完膚無きまでに</c><77>潰れた個の盤覆す手は？</c>,完膚無きまでに潰れた個の盤覆す手は？
51.368,51.535,-1,0,<90>かんぷなきまでに</c><77>つぶれたこのばんかえすては？</c>,かんぷなきまでにつぶれたこのばんかえすては？
51.535,51.935,-1,78,<90>完膚無きまでに潰</c><77>れた個の盤覆す手は？</c>,完膚無きまでに潰れた個の盤覆す手は？
51.535,51.935,-1,0,<90>かんぷなきまでにつ</c><77>ぶれたこのばんかえすては？</c>,かんぷなきまでにつぶれたこのばんかえすては？
51.935,52.136,-1,78,<90>完膚無きまでに潰</c><77>れた個の盤覆す手は？</c>,完膚無きまでに潰れた個の盤覆す手は？
51.935,52.136,-1,0,<90>かんぷなきまでにつぶ</c><77>れたこのばんかえすては？</c>,かんぷなきまでにつぶれたこのばんかえすては？
52.136,52.302,-1,78,<90>完膚無きまでに潰れ</c><77>た個の盤覆す手は？</c>,完膚無きまでに潰れた個の盤覆す手は？
52.136,52.302,-1,0,<90>かんぷなきまでにつぶれ</c><77>たこのばんかえすては？</c>,かんぷなきまでにつぶれたこのばんかえすては？
52.302,52.503,-1,78,<90>完膚無きまでに潰れた</c><77>個の盤覆す手は？</c>,完膚無きまでに潰れた個の盤覆す手は？
52.302,52.503,-1,0,<90>かんぷなきまでにつぶれた</c><77>このばんかえすては？</c>,かんぷなきまでにつぶれたこのばんかえすては？
52.503,52.87,-1,78,<90>完膚無きまでに潰れた個</c><77>の盤覆す手は？</c>,完膚無きまでに潰れた個の盤覆す手は？
52.503,52.87,-1,0,<90>かんぷなきまでにつぶれたこ</c><77>のばんかえすては？</c>,かんぷなきまでにつぶれたこのばんかえすては？
52.87,53.037,-1,78,<90>完膚無きまでに潰れた個の</c><77>盤覆す手は？</c>,完膚無きまでに潰れた個の盤覆す手は？
52.87,53.037,-1,0,<90>かんぷなきまでにつぶれたこの</c><77>ばんかえすては？</c>,かんぷなきまでにつぶれたこのばんかえすては？
53.037,53.437,-1,78,<90>完膚無きまでに潰れた個の盤</c><77>覆す手は？</c>,完膚無きまでに潰れた個の盤覆す手は？
53.037,53.437,-1,0,<90>かんぷなきまでにつぶれたこのば</c><77>んかえすては？</c>,かんぷなきまでにつぶれたこのばんかえすては？
53.437,53.637,-1,78,<90>完膚無きまでに潰れた個の盤</c><77>覆す手は？</c>,完膚無きまでに潰れた個の盤覆す手は？
53.437,53.637,-1,0,<90>かんぷなきまでにつぶれたこのばん</c><77>かえすては？</c>,かんぷなきまでにつぶれたこのばんかえすては？
53.637,53.837,-1,78,<90>完膚無きまでに潰れた個の盤覆</c><77>す手は？</c>,完膚無きまでに潰れた個の盤覆す手は？
53.637,53.837,-1,0,<90>かんぷなきまでにつぶれたこのばんか</c><77>えすては？</c>,かんぷなきまでにつぶれたこのばんかえすては？
53.837,54.171,-1,78,<90>完膚無きまでに潰れた個の盤覆</c><77>す手は？</c>,完膚無きまでに潰れた個の盤覆す手は？
53.837,54.171,-1,0,<90>かんぷなきまでにつぶれたこのばんかえ</c><77>すては？</c>,かんぷなきまでにつぶれたこのばんかえすては？
54.171,54.371,-1,78,<90>完膚無きまでに潰れた個の盤覆す</c><77>手は？</c>,完膚無きまでに潰れた個の盤覆す手は？
54.171,54.371,-1,0,<90>かんぷなきまでにつぶれたこのばんかえす</c><77>ては？</c>,かんぷなきまでにつぶれたこのばんかえすては？
54.371,54.571,-1,78,<90>完膚無きまでに潰れた個の盤覆す手</c><77>は？</c>,完膚無きまでに潰れた個の盤覆す手は？
54.371,54.571,-1,0,<90>かんぷなきまでにつぶれたこのばんかえすて</c><77>は？</c>,かんぷなきまでにつぶれたこのばんかえすては？
54.571,54.938,-1,78,<90>完膚無きまでに潰れた個の盤覆す手は？</c>,完膚無きまでに潰れた個の盤覆す手は？
54.571,54.938,-1,0,<90>かんぷなきまでにつぶれたこのばんかえすては？</c>,かんぷなきまでにつぶれたこのばんかえすては？
54.938,55.105,-1,78,<71>刻</c><77>まれた皺擦減る靴底</c>,刻まれた皺擦減る靴底
54.938,55.105,-1,0,<71>き</c><77>ざまれたしわすりへるくつぞこ</c>,きざまれたしわすりへるくつぞこ
55.105,55.305,-1,78,<71>刻</c><77>まれた皺擦減る靴底</c>,刻まれた皺擦減る靴底
55.105,55.305,-1,0,<71>きざ</c><77>まれたしわすりへるくつぞこ</c>,きざまれたしわすりへるくつぞこ
55.305,55.506,-1,78,<71>刻ま</c><77>れた皺擦減る靴底</c>,刻まれた皺擦減る靴底
55.305,55.506,-1,0,<71>きざま</c><77>れたしわすりへるくつぞこ</c>,きざまれたしわすりへるくつぞこ
55.506,55.706,-1,78,<71>刻まれ</c><77>た皺擦減る靴底</c>,刻まれた皺擦減る靴底
55.506,55.706,-1,0,<71>きざまれ</c><77>たしわすりへるくつぞこ</c>,きざまれたしわすりへるくつぞこ
55.706,55.873,-1,78,<71>刻まれた</c><77>皺擦減る靴底</c>,刻まれた皺擦減る靴底
55.706,55.873,-1,0,<71>きざまれた</c><77>しわすりへるくつぞこ</c>,きざまれたしわすりへるくつぞこ
55.873,56.04,-1,78,<71>刻まれた皺</c><77>擦減る靴底</c>,刻まれた皺擦減る靴底
55.873,56.04,-1,0,<71>きざまれたし</c><77>わすりへるくつぞこ</c>,きざまれたしわすりへるくつぞこ
56.04,56.373,-1,78,<71>刻まれた皺</c><77>擦減る靴底</c>,刻まれた皺擦減る靴底
56.04,56.373,-1,0,<71>きざまれたしわ</c><77>すりへるくつぞこ</c>,きざまれたしわすりへるくつぞこ
56.373,56.64,-1,78,<71>刻まれた皺</c><91>擦</c><77>減る靴底</c>,刻まれた皺擦減る靴底
56.373,56.64,-1,0,<71>きざまれたしわ</c><91>す</c><77>りへるくつぞこ</c>,きざまれたしわすりへるくつぞこ
56.64,56.807,-1,78,<71>刻まれた皺</c><91>擦</c><77>減る靴底</c>,刻まれた皺擦減る靴底
56.64,56.807,-1,0,<71>きざまれたしわ</c><91>すり</c><77>へるくつぞこ</c>,きざまれたしわすりへるくつぞこ
56.807,57.174,-1,78,<71>刻まれた皺</c><91>擦減</c><77>る靴底</c>,刻まれた皺擦減る靴底
56.807,57.174,-1,0,<71>きざまれたしわ</c><91>すりへ</c><77>るくつぞこ</c>,きざまれたしわすりへるくつぞこ
57.174,57.374,-1,78,<71>刻まれた皺</c><91>擦減る</c><77>靴底</c>,刻まれた皺擦減る靴底
57.174,57.374,-1,0,<71>きざまれたしわ</c><91>すりへる</c><77>くつぞこ</c>,きざまれたしわすりへるくつぞこ
57.374,57.541,-1,78,<71>刻まれた皺</c><91>擦減る靴</c><77>底</c>,刻まれた皺擦減る靴底
57.374,57.541,-1,0,<71>きざまれたしわ</c><91>すりへるく</c><77>つぞこ</c>,きざまれたしわすりへるくつぞこ
57.541,57.941,-1,78,<71>刻まれた皺</c><91>擦減る靴</c><77>底</c>,刻まれた皺擦減る靴底
57.541,57.941,-1,0,<71>きざまれたしわ</c><91>すりへるくつ</c><77>ぞこ</c>,きざまれたしわすりへるくつぞこ
57.941,58.509,-1,78,<71>刻まれた皺</c><91>擦減る靴底</c>,刻まれた皺擦減る靴底
57.941,58.108,-1,0,<71>きざまれたしわ</c><91>すりへるくつぞ</c><77>こ</c>,きざまれたしわすりへるくつぞこ
58.108,58.509,-1,0,<71>きざまれたしわ</c><91>すりへるくつぞこ</c>,きざまれたしわすりへるくつぞこ
58.509,58.709,-1,78,<90>嗚</c><77>呼正解を</c>,嗚呼正解を
58.509,58.709,-1,0,<90>あ</c><77>あこたえを</c>,ああこたえを
58.709,59.076,-1,78,<90>嗚呼</c><77>正解を</c>,嗚呼正解を
58.709,59.076,-1,0,<90>ああ</c><77>こたえを</c>,ああこたえを
59.076,59.443,-1,78,<90>嗚呼正解</c><77>を</c>,嗚呼正解を
59.076,59.443,-1,0,<90>ああこ</c><77>たえを</c>,ああこたえを
59.443,59.643,-1,78,<90>嗚呼正解</c><77>を</c>,嗚呼正解を
59.443,59.643,-1,0,<90>ああこた</c><77>えを</c>,ああこたえを
59.643,59.843,-1,78,<90>嗚呼正解</c><77>を</c>,嗚呼正解を
59.643,59.843,-1,0,<90>ああこたえ</c><77>を</c>,ああこたえを
59.843,60.577,-1,78,<90>嗚呼正解を</c>,嗚呼正解を
59.843,60.577,-1,0,<90>ああこたえを</c>,ああこたえを
60.978,61.145,-1,78,<92>至</c><77>上主義アドトラックで四六時中を駆回る</c>,至上主義アドトラックで四六時中を駆回る
60.978,61.145,-1,0,<92>し</c><77>じょうしゅぎあどとらっくでしろくじちゅうをかけまわる</c>,しじょうしゅぎあどとらっくでしろくじちゅうをかけまわる
61.145,61.345,-1,78,<92>至</c><87>上</c><77>主義アドトラックで四六時中を駆回る</c>,至上主義アドトラックで四六時中を駆回る
61.145,61.345,58,0,<92>し</c><88>じ</c><85>ょ</c><77>うしゅぎあどとらっくでしろくじちゅうをかけまわる</c>,しじょうしゅぎあどとらっくでしろくじちゅうをかけまわる
61.345,61.512,-1,78,<92>至</c><87>上</c><77>主義アドトラックで四六時中を駆回る</c>,至上主義アドトラックで四六時中を駆回る
61.345,61.512,59,0,<92>し</c><88>じ</c><85>ょ</c><81>う</c><77>しゅぎあどとらっくでしろくじちゅうをかけまわる</c>,しじょうしゅぎあどとらっくでしろくじちゅうをかけまわる
61.512,61.912,-1,78,<92>至</c><87>上</c><79>主</c><77>義アドトラックで四六時中を駆回る</c>,至上主義アドトラックで四六時中を駆回る
61.512,61.912,63,0,<92>し</c><88>じ</c><85>ょ</c><81>う</c><76>し</c><74>ゅ</c><77>ぎあどとらっくでしろくじちゅうをかけまわる</c>,しじょうしゅぎあどとらっくでしろくじちゅうをかけまわる
61.912,62.246,-1,78,<92>至</c><87>上</c><79>主</c><75>義</c><77>アドトラックで四六時中を駆回る</c>,至上主義アドトラックで四六時中を駆回る
61.912,62.246,64,0,<92>し</c><88>じ</c><85>ょ</c><81>う</c><76>し</c><74>ゅ</c><68>ぎ</c><77>あどとらっくでしろくじちゅうをかけまわる</c>,しじょうしゅぎあどとらっくでしろくじちゅうをかけまわる
62.246,62.579,-1,78,<92>至</c><87>上</c><79>主</c><75>義</c><69>ア</c><77>ドトラックで四六時中を駆回る</c>,至上主義アドトラックで四六時中を駆回る
62.246,62.579,66,0,<92>し</c><88>じ</c><85>ょ</c><81>う</c><76>し</c><74>ゅ</c><68>ぎ</c><65>あ</c><77>どとらっくでしろくじちゅうをかけまわる</c>,しじょうしゅぎあどとらっくでしろくじちゅうをかけまわる
62.579,62.813,-1,78,<92>至</c><87>上</c><79>主</c><75>義</c><69>ア</c><64>ド</c><77>トラックで四六時中を駆回る</c>,至上主義アドトラックで四六時中を駆回る
62.579,62.813,67,0,<92>し</c><88>じ</c><85>ょ</c><81>う</c><76>し</c><74>ゅ</c><68>ぎ</c><65>あ</c><61>ど</c><77>とらっくでしろくじちゅうをかけまわる</c>,しじょうしゅぎあどとらっくでしろくじちゅうをかけまわる
62.813,63.213,-1,78,<92>至</c><87>上</c><79>主</c><75>義</c><69>ア</c><64>ド</c><60>ト</c><77>ラックで四六時中を駆回る</c>,至上主義アドトラックで四六時中を駆回る
62.813,63.213,69,0,<92>し</c><88>じ</c><85>ょ</c><81>う</c><76>し</c><74>ゅ</c><68>ぎ</c><65>あ</c><61>ど</c><58>と</c><77>らっくでしろくじちゅうをかけまわる</c>,しじょうしゅぎあどとらっくでしろくじちゅうをかけまわる
63.213,63.38,-1,78,<92>至</c><87>上</c><79>主</c><75>義</c><69>ア</c><64>ド</c><60>ト</c><57>ラ</c><77>ックで四六時中を駆回る</c>,至上主義アドトラックで四六時中を駆回る
63.213,63.38,70,0,<92>し</c><88>じ</c><85>ょ</c><81>う</c><76>し</c><74>ゅ</c><68>ぎ</c><65>あ</c><61>ど</c><58>と</c><55>ら</c><77>っくでしろくじちゅうをかけまわる</c>,しじょうしゅぎあどとらっくでしろくじちゅうをかけまわる
63.38,63.58,-1,78,<92>至</c><87>上</c><79>主</c><75>義</c><69>ア</c><64>ド</c><60>ト</c><57>ラ</c><52>ッ</c><77>クで四六時中を駆回る</c>,至上主義アドトラックで四六時中を駆回る
63.38,63.58,72,0,<92>し</c><88>じ</c><85>ょ</c><81>う</c><76>し</c><74>ゅ</c><68>ぎ</c><65>あ</c><61>ど</c><58>と</c><55>ら</c><51>っ</c><77>くでしろくじちゅうをかけまわる</c>,しじょうしゅぎあどとらっくでしろくじちゅうをかけまわる
63.58,63.68,-1,78,<92>至</c><87>上</c><79>主</c><75>義</c><69>ア</c><64>ド</c><60>ト</c><57>ラ</c><52>ッ</c><48>ク</c><77>で四六時中を駆回る</c>,至上主義アドトラックで四六時中を駆回る
63.58,63.68,73,0,<92>し</c><88>じ</c><85>ょ</c><81>う</c><76>し</c><74>ゅ</c><68>ぎ</c><65>あ</c><61>ど</c><58>と</c><55>ら</c><51>っ</c><47>く</c><77>でしろくじちゅうをかけまわる</c>,しじょうしゅぎあどとらっくでしろくじちゅうをかけまわる
63.68,63.914,-1,78,<92>至</c><87>上</c><79>主</c><75>義</c><69>ア</c><64>ド</c><60>ト</c><57>ラ</c><52>ッ</c><48>ク</c><44>で</c><77>四六時中を駆回る</c>,至上主義アドトラックで四六時中を駆回る
63.68,63.914,75,0,<92>し</c><88>じ</c><85>ょ</c><81>う</c><76>し</c><74>ゅ</c><68>ぎ</c><65>あ</c><61>ど</c><58>と</c><55>ら</c><51>っ</c><47>く</c><44>で</c><77>しろくじちゅうをかけまわる</c>,しじょうしゅぎあどとらっくでしろくじちゅうをかけまわる
63.914,64.148,-1,78,<92>至</c><87>上</c><79>主</c><75>義</c><69>ア</c><64>ド</c><60>ト</c><57>ラ</c><52>ッ</c><48>ク</c><44>で</c><40>四</c><77>六時中を駆回る</c>,至上主義アドトラックで四六時中を駆回る
63.914,64.148,77,0,<92>し</c><88>じ</c><85>ょ</c><81>う</c><76>し</c><74>ゅ</c><68>ぎ</c><65>あ</c><61>ど</c><58>と</c><55>ら</c><51>っ</c><47>く</c><44>で</c><41>し</c><77>ろくじちゅうをかけまわる</c>,しじょうしゅぎあどとらっくでしろくじちゅうをかけまわる
64.148,64.348,-1,78,<92>至</c><87>上</c><79>主</c><75>義</c><69>ア</c><64>ド</c><60>ト</c><57>ラ</c><52>ッ</c><48>ク</c><44>で</c><40>四</c><36>六</c><77>時中を駆回る</c>,至上主義アドトラックで四六時中を駆回る
64.148,64.348,78,0,<92>し</c><88>じ</c><85>ょ</c><81>う</c><76>し</c><74>ゅ</c><68>ぎ</c><65>あ</c><61>ど</c><58>と</c><55>ら</c><51>っ</c><47>く</c><44>で</c><41>し</c><37>ろ</c><77>くじちゅうをかけまわる</c>,しじょうしゅぎあどとらっくでしろくじちゅうをかけまわる
64.348,64.515,-1,78,<92>至</c><87>上</c><79>主</c><75>義</c><69>ア</c><64>ド</c><60>ト</c><57>ラ</c><52>ッ</c><48>ク</c><44>で</c><40>四</c><36>六</c><77>時中を駆回る</c>,至上主義アドトラックで四六時中を駆回る
64.348,64.515,80,0,<92>し</c><88>じ</c><85>ょ</c><81>う</c><76>し</c><74>ゅ</c><68>ぎ</c><65>あ</c><61>ど</c><58>と</c><55>ら</c><51>っ</c><47>く</c><44>で</c><41>し</c><37>ろ</c><33>く</c><77>じちゅうをかけまわる</c>,しじょうしゅぎあどとらっくでしろくじちゅうをかけまわる
64.515,64.715,-1,78,<92>至</c><87>上</c><79>主</c><75>義</c><69>ア</c><64>ド</c><60>ト</c><57>ラ</c><52>ッ</c><48>ク</c><44>で</c><40>四</c><36>六</c><28>時</c><77>中を駆回る</c>,至上主義アドトラックで四六時中を駆回る
64.515,64.715,81,0,<92>し</c><88>じ</c><85>ょ</c><81>う</c><76>し</c><74>ゅ</c><68>ぎ</c><65>あ</c><61>ど</c><58>と</c><55>ら</c><51>っ</c><47>く</c><44>で</c><41>し</c><37>ろ</c><33>く</c><30>じ</c><77>ちゅうをかけまわる</c>,しじょうしゅぎあどとらっくでしろくじちゅうをかけまわる
64.715,64.915,56,78,<92>至</c><87>上</c><79>主</c><75>義</c><69>ア</c><64>ド</c><60>ト</c><57>ラ</c><52>ッ</c><48>ク</c><44>で</c><40>四</c><36>六</c><28>時</c><24>中</c><77>を駆回る</c>,至上主義アドトラックで四六時中を駆回る
64.715,64.915,86,0,<92>し</c><88>じ</c><85>ょ</c><81>う</c><76>し</c><74>ゅ</c><68>ぎ</c><65>あ</c><61>ど</c><58>と</c><55>ら</c><51>っ</c><47>く</c><44>で</c><41>し</c><37>ろ</c><33>く</c><30>じ</c><27>ち</c><23>ゅ</c><20>う</c><77>をかけまわる</c>,しじょうしゅぎあどとらっくでしろくじちゅうをかけまわる
64.915,65.082,58,78,<92>至</c><87>上</c><79>主</c><75>義</c><69>ア</c><64>ド</c><60>ト</c><57>ラ</c><52>ッ</c><48>ク</c><44>で</c><40>四</c><36>六</c><28>時</c><24>中</c><19>を</c><77>駆回る</c>,至上主義アドトラックで四六時中を駆回る
64.915,65.082,88,0,<92>し</c><88>じ</c><85>ょ</c><81>う</c><76>し</c><74>ゅ</c><68>ぎ</c><65>あ</c><61>ど</c><58>と</c><55>ら</c><51>っ</c><47>く</c><44>で</c><41>し</c><37>ろ</c><33>く</c><30>じ</c><27>ち</c><23>ゅ</c><20>う</c><15>を</c><77>かけまわる</c>,しじょうしゅぎあどとらっくでしろくじちゅうをかけまわる
65.082,65.282,59,78,<92>至</c><87>上</c><79>主</c><75>義</c><69>ア</c><64>ド</c><60>ト</c><57>ラ</c><52>ッ</c><48>ク</c><44>で</c><40>四</c><36>六</c><28>時</c><24>中</c><19>を</c><14>駆</c><77>回る</c>,至上主義アドトラックで四六時中を駆回る
65.082,65.282,89,0,<92>し</c><88>じ</c><85>ょ</c><81>う</c><76>し</c><74>ゅ</c><68>ぎ</c><65>あ</c><61>ど</c><58>と</c><55>ら</c><51>っ</c><47>く</c><44>で</c><41>し</c><37>ろ</c><33>く</c><30>じ</c><27>ち</c><23>ゅ</c><20>う</c><15>を</c><13>か</c><77>けまわる</c>,しじょうしゅぎあどとらっくでしろくじちゅうをかけまわる
65.282,65.482,59,78,<92>至</c><87>上</c><79>主</c><75>義</c><69>ア</c><64>ド</c><60>ト</c><57>ラ</c><52>ッ</c><48>ク</c><44>で</c><40>四</c><36>六</c><28>時</c><24>中</c><19>を</c><14>駆</c><77>回る</c>,至上主義アドトラックで四六時中を駆回る
65.282,65.482,91,0,<92>し</c><88>じ</c><85>ょ</c><81>う</c><76>し</c><74>ゅ</c><68>ぎ</c><65>あ</c><61>ど</c><58>と</c><55>ら</c><51>っ</c><47>く</c><44>で</c><41>し</c><37>ろ</c><33>く</c><30>じ</c><27>ち</c><23>ゅ</c><20>う</c><15>を</c><13>か</c><10>け</c><77>まわる</c>,しじょうしゅぎあどとらっくでしろくじちゅうをかけまわる
65.482,65.649,61,78,<92>至</c><87>上</c><79>主</c><75>義</c><69>ア</c><64>ド</c><60>ト</c><57>ラ</c><52>ッ</c><48>ク</c><44>で</c><40>四</c><36>六</c><28>時</c><24>中</c><19>を</c><14>駆</c><7>回</c><77>る</c>,至上主義アドトラックで四六時中を駆回る
65.482,65.649,92,0,<92>し</c><88>じ</c><85>ょ</c><81>う</c><76>し</c><74>ゅ</c><68>ぎ</c><65>あ</c><61>ど</c><58>と</c><55>ら</c><51>っ</c><47>く</c><44>で</c><41>し</c><37>ろ</c><33>く</c><30>じ</c><27>ち</c><23>ゅ</c><20>う</c><15>を</c><13>か</c><10>け</c><6>ま</c><77>わる</c>,しじょうしゅぎあどとらっくでしろくじちゅうをかけまわる
65.649,65.816,61,78,<92>至</c><87>上</c><79>主</c><75>義</c><69>ア</c><64>ド</c><60>ト</c><57>ラ</c><52>ッ</c><48>ク</c><44>で</c><40>四</c><36>六</c><28>時</c><24>中</c><19>を</c><14>駆</c><7>回</c><77>る</c>,至上主義アドトラックで四六時中を駆回る
65.649,65.816,94,0,<92>し</c><88>じ</c><85>ょ</c><81>う</c><76>し</c><74>ゅ</c><68>ぎ</c><65>あ</c><61>ど</c><58>と</c><55>ら</c><51>っ</c><47>く</c><44>で</c><41>し</c><37>ろ</c><33>く</c><30>じ</c><27>ち</c><23>ゅ</c><20>う</c><15>を</c><13>か</c><10>け</c><6>ま</c><3>わ</c><77>る</c>,しじょうしゅぎあどとらっくでしろくじちゅうをかけまわる
65.816,66.95,61,78,<92>至</c><87>上</c><79>主</c><75>義</c><69>ア</c><64>ド</c><60>ト</c><57>ラ</c><52>ッ</c><48>ク</c><44>で</c><40>四</c><36>六</c><28>時</c><24>中</c><19>を</c><14>駆</c><7>回</c><1>る</c>,至上主義アドトラックで四六時中を駆回る
65.816,66.95,94,0,<92>し</c><88>じ</c><85>ょ</c><81>う</c><76>し</c><74>ゅ</c><68>ぎ</c><65>あ</c><61>ど</c><58>と</c><55>ら</c><51>っ</c><47>く</c><44>で</c><41>し</c><37>ろ</c><33>く</c><30>じ</c><27>ち</c><23>ゅ</c><20>う</c><15>を</c><13>か</c><10>け</c><6>ま</c><3>わ</c><1>る</c>,しじょうしゅぎあどとらっくでしろくじちゅうをかけまわる
66.95,67.284,-1,78,<71>所</c><77>詮使い捨ての消耗品だと？</c>,所詮使い捨ての消耗品だと？
66.95,67.284,-1,0,<71>しょ</c><77>せんつかいすてのしょうもうひんだと？</c>,しょせんつかいすてのしょうもうひんだと？
67.284,67.551,-1,78,<71>所詮</c><77>使い捨ての消耗品だと？</c>,所詮使い捨ての消耗品だと？
67.284,67.551,-1,0,<71>しょせ</c><77>んつかいすてのしょうもうひんだと？</c>,しょせんつかいすてのしょうもうひんだと？
67.551,67.651,-1,78,<71>所詮</c><77>使い捨ての消耗品だと？</c>,所詮使い捨ての消耗品だと？
67.551,67.651,-1,0,<71>しょせん</c><77>つかいすてのしょうもうひんだと？</c>,しょせんつかいすてのしょうもうひんだと？
67.651,67.785,-1,78,<71>所詮使</c><77>い捨ての消耗品だと？</c>,所詮使い捨ての消耗品だと？
67.651,67.785,-1,0,<71>しょせんつ</c><77>かいすてのしょうもうひんだと？</c>,しょせんつかいすてのしょうもうひんだと？
67.785,67.885,-1,78,<71>所詮使</c><77>い捨ての消耗品だと？</c>,所詮使い捨ての消耗品だと？
67.785,67.885,-1,0,<71>しょせんつか</c><77>いすてのしょうもうひんだと？</c>,しょせんつかいすてのしょうもうひんだと？
67.885,68.052,-1,78,<71>所詮使い</c><77>捨ての消耗品だと？</c>,所詮使い捨ての消耗品だと？
67.885,68.052,-1,0,<71>しょせんつかい</c><77>すてのしょうもうひんだと？</c>,しょせんつかいすてのしょうもうひんだと？
68.052,68.252,-1,78,<71>所詮使い捨</c><77>ての消耗品だと？</c>,所詮使い捨ての消耗品だと？
68.052,68.252,-1,0,<71>しょせんつかいす</c><77>てのしょうもうひんだと？</c>,しょせんつかいすてのしょうもうひんだと？
68.252,68.552,-1,78,<71>所詮使い捨て</c><77>の消耗品だと？</c>,所詮使い捨ての消耗品だと？
68.252,68.552,-1,0,<71>しょせんつかいすて</c><77>のしょうもうひんだと？</c>,しょせんつかいすてのしょうもうひんだと？
68.552,68.786,-1,78,<71>所詮使い捨ての</c><77>消耗品だと？</c>,所詮使い捨ての消耗品だと？
68.552,68.786,-1,0,<71>しょせんつかいすての</c><77>しょうもうひんだと？</c>,しょせんつかいすてのしょうもうひんだと？
68.786,69.186,-1,78,<71>所詮使い捨ての</c><91>消</c><77>耗品だと？</c>,所詮使い捨ての消耗品だと？
68.786,69.186,-1,0,<71>しょせんつかいすての</c><91>しょ</c><77>うもうひんだと？</c>,しょせんつかいすてのしょうもうひんだと？
69.186,69.386,-1,78,<71>所詮使い捨ての</c><91>消</c><77>耗品だと？</c>,所詮使い捨ての消耗品だと？
69.186,69.386,-1,0,<71>しょせんつかいすての</c><91>しょう</c><77>もうひんだと？</c>,しょせんつかいすてのしょうもうひんだと？
69.386,69.586,-1,78,<71>所詮使い捨ての</c><91>消耗</c><77>品だと？</c>,所詮使い捨ての消耗品だと？
69.386,69.586,-1,0,<71>しょせんつかいすての</c><91>しょうも</c><77>うひんだと？</c>,しょせんつかいすてのしょうもうひんだと？
69.586,69.753,-1,78,<71>所詮使い捨ての</c><91>消耗</c><77>品だと？</c>,所詮使い捨ての消耗品だと？
69.586,69.753,-1,0,<71>しょせんつかいすての</c><91>しょうもう</c><77>ひんだと？</c>,しょせんつかいすてのしょうもうひんだと？
69.753,69.953,-1,78,<71>所詮使い捨ての</c><91>消耗品</c><77>だと？</c>,所詮使い捨ての消耗品だと？
69.753,69.953,-1,0,<71>しょせんつかいすての</c><91>しょうもうひ</c><77>んだと？</c>,しょせんつかいすてのしょうもうひんだと？
69.953,70.12,-1,78,<71>所詮使い捨ての</c><91>消耗品</c><77>だと？</c>,所詮使い捨ての消耗品だと？
69.953,70.12,-1,0,<71>しょせんつかいすての</c><91>しょうもうひん</c><77>だと？</c>,しょせんつかいすてのしょうもうひんだと？
70.12,70.32,-1,78,<71>所詮使い捨ての</c><91>消耗品だ</c><77>と？</c>,所詮使い捨ての消耗品だと？
70.12,70.32,-1,0,<71>しょせんつかいすての</c><91>しょうもうひんだ</c><77>と？</c>,しょせんつかいすてのしょうもうひんだと？
70.32,71.455,-1,78,<71>所詮使い捨ての</c><91>消耗品だと？</c>,所詮使い捨ての消耗品だと？
70.32,71.455,-1,0,<71>しょせんつかいすての</c><91>しょうもうひんだと？</c>,しょせんつかいすてのしょうもうひんだと？
71.455,71.822,-1,78,<90>おっ</c><77>と好い気になるなよ</c>,おっと好い気になるなよ
71.455,71.822,-1,0,<90>おっ</c><77>といいきになるなよ</c>,おっといいきになるなよ
71.822,72.022,-1,78,<90>おっと</c><77>好い気になるなよ</c>,おっと好い気になるなよ
71.822,72.022,-1,0,<90>おっと</c><77>いいきになるなよ</c>,おっといいきになるなよ
72.022,72.156,-1,78,<90>おっと好</c><77>い気になるなよ</c>,おっと好い気になるなよ
72.022,72.156,-1,0,<90>おっとい</c><77>いきになるなよ</c>,おっといいきになるなよ
72.156,72.289,-1,78,<90>おっと好い</c><77>気になるなよ</c>,おっと好い気になるなよ
72.156,72.289,-1,0,<90>おっといい</c><77>きになるなよ</c>,おっといいきになるなよ
72.289,72.589,-1,78,<90>おっと好い気</c><77>になるなよ</c>,おっと好い気になるなよ
72.289,72.589,-1,0,<90>おっといいき</c><77>になるなよ</c>,おっといいきになるなよ
72.589,72.756,-1,78,<90>おっと好い気に</c><77>なるなよ</c>,おっと好い気になるなよ
72.589,72.756,-1,0,<90>おっといいきに</c><77>なるなよ</c>,おっといいきになるなよ
72.756,72.956,-1,78,<90>おっと好い気にな</c><77>るなよ</c>,おっと好い気になるなよ
72.756,72.956,-1,0,<90>おっといいきにな</c><77>るなよ</c>,おっといいきになるなよ
72.956,73.157,-1,78,<90>おっと好い気になる</c><77>なよ</c>,おっと好い気になるなよ
72.956,73.157,-1,0,<90>おっといいきになる</c><77>なよ</c>,おっといいきになるなよ
73.157,73.323,-1,78,<90>おっと好い気になるな</c><77>よ</c>,おっと好い気になるなよ
73.157,73.323,-1,0,<90>おっといいきになるな</c><77>よ</c>,おっといいきになるなよ
73.323,73.524,-1,78,<90>おっと好い気になるなよ</c>,おっと好い気になるなよ
73.323,73.524,-1,0,<90>おっといいきになるなよ</c>,おっといいきになるなよ
73.524,73.891,-1,78,<92>パ</c><87>ッ</c><77>と打上げてやれ夜を呑込む星の花</c>,パッと打上げてやれ夜を呑込む星の花
73.524,73.891,-1,0,<92>ぱ</c><87>っ</c><77>とうちあげてやれよるをのみこむほしのはな</c>,ぱっとうちあげてやれよるをのみこむほしのはな
73.891,74.291,-1,78,<92>パ</c><87>ッ</c><83>と</c><77>打上げてやれ夜を呑込む星の花</c>,パッと打上げてやれ夜を呑込む星の花
73.891,74.291,-1,0,<92>ぱ</c><87>っ</c><83>と</c><77>うちあげてやれよるをのみこむほしのはな</c>,ぱっとうちあげてやれよるをのみこむほしのはな
74.291,74.558,-1,78,<92>パ</c><87>ッ</c><83>と</c><78>打</c><77>上げてやれ夜を呑込む星の花</c>,パッと打上げてやれ夜を呑込む星の花
74.291,74.558,56,0,<92>ぱ</c><87>っ</c><83>と</c><78>う</c><77>ちあげてやれよるをのみこむほしのはな</c>,ぱっとうちあげてやれよるをのみこむほしのはな
74.558,74.825,-1,78,<92>パ</c><87>ッ</c><83>と</c><78>打</c><77>上げてやれ夜を呑込む星の花</c>,パッと打上げてやれ夜を呑込む星の花
74.558,74.825,58,0,<92>ぱ</c><87>っ</c><83>と</c><78>う</c><74>ち</c><77>あげてやれよるをのみこむほしのはな</c>,ぱっとうちあげてやれよるをのみこむほしのはな
74.825,75.225,-1,78,<92>パ</c><87>ッ</c><83>と</c><78>打</c><67>上</c><77>げてやれ夜を呑込む星の花</c>,パッと打上げてやれ夜を呑込む星の花
74.825,75.225,59,0,<92>ぱ</c><87>っ</c><83>と</c><78>う</c><74>ち</c><67>あ</c><77>げてやれよるをのみこむほしのはな</c>,ぱっとうちあげてやれよるをのみこむほしのはな
75.225,75.392,-1,78,<92>パ</c><87>ッ</c><83>と</c><78>打</c><67>上</c><63>げ</c><77>てやれ夜を呑込む星の花</c>,パッと打上げてやれ夜を呑込む星の花
75.225,75.392,61,0,<92>ぱ</c><87>っ</c><83>と</c><78>う</c><74>ち</c><67>あ</c><63>げ</c><77>てやれよるをのみこむほしのはな</c>,ぱっとうちあげてやれよるをのみこむほしのはな
75.392,75.559,-1,78,<92>パ</c><87>ッ</c><83>と</c><78>打</c><67>上</c><63>げ</c><59>て</c><77>やれ夜を呑込む星の花</c>,パッと打上げてやれ夜を呑込む星の花
75.392,75.559,63,0,<92>ぱ</c><87>っ</c><83>と</c><78>う</c><74>ち</c><67>あ</c><63>げ</c><59>て</c><77>やれよるをのみこむほしのはな</c>,ぱっとうちあげてやれよるをのみこむほしのはな
75.559,75.659,-1,78,<92>パ</c><87>ッ</c><83>と</c><78>打</c><67>上</c><63>げ</c><59>て</c><56>や</c><77>れ夜を呑込む星の花</c>,パッと打上げてやれ夜を呑込む星の花
75.559,75.659,64,0,<92>ぱ</c><87>っ</c><83>と</c><78>う</c><74>ち</c><67>あ</c><63>げ</c><59>て</c><56>や</c><77>れよるをのみこむほしのはな</c>,ぱっとうちあげてやれよるをのみこむほしのはな
75.659,75.959,-1,78,<92>パ</c><87>ッ</c><83>と</c><78>打</c><67>上</c><63>げ</c><59>て</c><56>や</c><50>れ</c><77>夜を呑込む星の花</c>,パッと打上げてやれ夜を呑込む星の花
75.659,75.959,66,0,<92>ぱ</c><87>っ</c><83>と</c><78>う</c><74>ち</c><67>あ</c><63>げ</c><59>て</c><56>や</c><50>れ</c><77>よるをのみこむほしのはな</c>,ぱっとうちあげてやれよるをのみこむほしのはな
75.959,76.16,-1,78,<92>パ</c><87>ッ</c><83>と</c><78>打</c><67>上</c><63>げ</c><59>て</c><56>や</c><50>れ</c><46>夜</c><77>を呑込む星の花</c>,パッと打上げてやれ夜を呑込む星の花
75.959,76.16,67,0,<92>ぱ</c><87>っ</c><83>と</c><78>う</c><74>ち</c><67>あ</c><63>げ</c><59>て</c><56>や</c><50>れ</c><46>よ</c><77>るをのみこむほしのはな</c>,ぱっとうちあげてやれよるをのみこむほしのはな
76.16,76.326,-1,78,<92>パ</c><87>ッ</c><83>と</c><78>打</c><67>上</c><63>げ</c><59>て</c><56>や</c><50>れ</c><46>夜</c><77>を呑込む星の花</c>,パッと打上げてやれ夜を呑込む星の花
76.16,76.326,69,0,<92>ぱ</c><87>っ</c><83>と</c><78>う</c><74>ち</c><67>あ</c><63>げ</c><59>て</c><56>や</c><50>れ</c><46>よ</c><42>る</c><77>をのみこむほしのはな</c>,ぱっとうちあげてやれよるをのみこむほしのはな
76.326,76.527,-1,78,<92>パ</c><87>ッ</c><83>と</c><78>打</c><67>上</c><63>げ</c><59>て</c><56>や</c><50>れ</c><46>夜</c><38>を</c><77>呑込む星の花</c>,パッと打上げてやれ夜を呑込む星の花
76.326,76.527,70,0,<92>ぱ</c><87>っ</c><83>と</c><78>う</c><74>ち</c><67>あ</c><63>げ</c><59>て</c><56>や</c><50>れ</c><46>よ</c><42>る</c><38>を</c><77>のみこむほしのはな</c>,ぱっとうちあげてやれよるをのみこむほしのはな
76.527,76.693,-1,78,<92>パ</c><87>ッ</c><83>と</c><78>打</c><67>上</c><63>げ</c><59>て</c><56>や</c><50>れ</c><46>夜</c><38>を</c><32>呑</c><77>込む星の花</c>,パッと打上げてやれ夜を呑込む星の花
76.527,76.693,72,0,<92>ぱ</c><87>っ</c><83>と</c><78>う</c><74>ち</c><67>あ</c><63>げ</c><59>て</c><56>や</c><50>れ</c><46>よ</c><42>る</c><38>を</c><32>の</c><77>みこむほしのはな</c>,ぱっとうちあげてやれよるをのみこむほしのはな
76.693,76.794,-1,78,<92>パ</c><87>ッ</c><83>と</c><78>打</c><67>上</c><63>げ</c><59>て</c><56>や</c><50>れ</c><46>夜</c><38>を</c><32>呑</c><77>込む星の花</c>,パッと打上げてやれ夜を呑込む星の花
76.693,76.794,73,0,<92>ぱ</c><87>っ</c><83>と</c><78>う</c><74>ち</c><67>あ</c><63>げ</c><59>て</c><56>や</c><50>れ</c><46>よ</c><42>る</c><38>を</c><32>の</c><29>み</c><77>こむほしのはな</c>,ぱっとうちあげてやれよるをのみこむほしのはな
76.794,76.894,-1,78,<92>パ</c><87>ッ</c><83>と</c><78>打</c><67>上</c><63>げ</c><59>て</c><56>や</c><50>れ</c><46>夜</c><38>を</c><32>呑</c><25>込</c><77>む星の花</c>,パッと打上げてやれ夜を呑込む星の花
76.794,76.894,75,0,<92>ぱ</c><87>っ</c><83>と</c><78>う</c><74>ち</c><67>あ</c><63>げ</c><59>て</c><56>や</c><50>れ</c><46>よ</c><42>る</c><38>を</c><32>の</c><29>み</c><25>こ</c><77>むほしのはな</c>,ぱっとうちあげてやれよるをのみこむほしのはな
76.894,77.061,-1,78,<92>パ</c><87>ッ</c><83>と</c><78>打</c><67>上</c><63>げ</c><59>て</c><56>や</c><50>れ</c><46>夜</c><38>を</c><32>呑</c><25>込</c><21>む</c><77>星の花</c>,パッと打上げてやれ夜を呑込む星の花
76.894,77.061,77,0,<92>ぱ</c><87>っ</c><83>と</c><78>う</c><74>ち</c><67>あ</c><63>げ</c><59>て</c><56>や</c><50>れ</c><46>よ</c><42>る</c><38>を</c><32>の</c><29>み</c><25>こ</c><21>む</c><77>ほしのはな</c>,ぱっとうちあげてやれよるをのみこむほしのはな
77.061,77.261,-1,78,<92>パ</c><87>ッ</c><83>と</c><78>打</c><67>上</c><63>げ</c><59>て</c><56>や</c><50>れ</c><46>夜</c><38>を</c><32>呑</c><25>込</c><21>む</c><15>星</c><77>の花</c>,パッと打上げてやれ夜を呑込む星の花
77.061,77.261,78,0,<92>ぱ</c><87>っ</c><83>と</c><78>う</c><74>ち</c><67>あ</c><63>げ</c><59>て</c><56>や</c><50>れ</c><46>よ</c><42>る</c><38>を</c><32>の</c><29>み</c><25>こ</c><21>む</c><15>ほ</c><77>しのはな</c>,ぱっとうちあげてやれよるをのみこむほしのはな
77.261,77.461,-1,78,<92>パ</c><87>ッ</c><83>と</c><78>打</c><67>上</c><63>げ</c><59>て</c><56>や</c><50>れ</c><46>夜</c><38>を</c><32>呑</c><25>込</c><21>む</c><15>星</c><77>の花</c>,パッと打上げてやれ夜を呑込む星の花
77.261,77.461,80,0,<92>ぱ</c><87>っ</c><83>と</c><78>う</c><74>ち</c><67>あ</c><63>げ</c><59>て</c><56>や</c><50>れ</c><46>よ</c><42>る</c><38>を</c><32>の</c><29>み</c><25>こ</c><21>む</c><15>ほ</c><12>し</c><77>のはな</c>,ぱっとうちあげてやれよるをのみこむほしのはな
77.461,77.628,56,78,<92>パ</c><87>ッ</c><83>と</c><78>打</c><67>上</c><63>げ</c><59>て</c><56>や</c><50>れ</c><46>夜</c><38>を</c><32>呑</c><25>込</c><21>む</c><15>星</c><8>の</c><77>花</c>,パッと打上げてやれ夜を呑込む星の花
77.461,77.628,81,0,<92>ぱ</c><87>っ</c><83>と</c><78>う</c><74>ち</c><67>あ</c><63>げ</c><59>て</c><56>や</c><50>れ</c><46>よ</c><42>る</c><38>を</c><32>の</c><29>み</c><25>こ</c><21>む</c><15>ほ</c><12>し</c><8>の</c><77>はな</c>,ぱっとうちあげてやれよるをのみこむほしのはな
77.628,78.929,56,78,<92>パ</c><87>ッ</c><83>と</c><78>打</c><67>上</c><63>げ</c><59>て</c><56>や</c><50>れ</c><46>夜</c><38>を</c><32>呑</c><25>込</c><21>む</c><15>星</c><8>の</c><4>花</c>,パッと打上げてやれ夜を呑込む星の花
77.628,77.828,83,0,<92>ぱ</c><87>っ</c><83>と</c><78>う</c><74>ち</c><67>あ</c><63>げ</c><59>て</c><56>や</c><50>れ</c><46>よ</c><42>る</c><38>を</c><32>の</c><29>み</c><25>こ</c><21>む</c><15>ほ</c><12>し</c><8>の</c><4>は</c><77>な</c>,ぱっとうちあげてやれよるをのみこむほしのはな
77.828,78.929,83,0,<92>ぱ</c><87>っ</c><83>と</c><78>う</c><74>ち</c><67>あ</c><63>げ</c><59>て</c><56>や</c><50>れ</c><46>よ</c><42>る</c><38>を</c><32>の</c><29>み</c><25>こ</c><21>む</c><15>ほ</c><12>し</c><8>の</c><4>は</c><1>な</c>,ぱっとうちあげてやれよるをのみこむほしのはな
78.929,79.263,-1,78,<91>ま</c><77>た隅に積重ねられていく</c>,また隅に積重ねられていく
78.929,79.263,-1,0,<91>ま</c><77>たすみにつみかさねられていく</c>,またすみにつみかさねられていく
79.263,79.496,-1,78,<91>また</c><77>隅に積重ねられていく</c>,また隅に積重ねられていく
79.263,79.496,-1,0,<91>また</c><77>すみにつみかさねられていく</c>,またすみにつみかさねられていく
79.496,79.797,-1,78,<91>また隅</c><77>に積重ねられていく</c>,また隅に積重ねられていく
79.496,79.797,-1,0,<91>またす</c><77>みにつみかさねられていく</c>,またすみにつみかさねられていく
79.797,80.064,-1,78,<91>また隅</c><77>に積重ねられていく</c>,また隅に積重ねられていく
79.797,80.064,-1,0,<91>またすみ</c><77>につみかさねられていく</c>,またすみにつみかさねられていく
80.064,80.33,-1,78,<91>また隅に</c><77>積重ねられていく</c>,また隅に積重ねられていく
80.064,80.33,-1,0,<91>またすみに</c><77>つみかさねられていく</c>,またすみにつみかさねられていく
80.33,80.631,-1,78,<91>また隅に</c><90>積</c><77>重ねられていく</c>,また隅に積重ねられていく
80.33,80.631,-1,0,<91>またすみに</c><90>つ</c><77>みかさねられていく</c>,またすみにつみかさねられていく
80.631,80.931,-1,78,<91>また隅に</c><90>積</c><77>重ねられていく</c>,また隅に積重ねられていく
80.631,80.931,-1,0,<91>またすみに</c><90>つみ</c><77>かさねられていく</c>,またすみにつみかさねられていく
80.931,81.198,-1,78,<91>また隅に</c><90>積重</c><77>ねられていく</c>,また隅に積重ねられていく
80.931,81.198,-1,0,<91>またすみに</c><90>つみか</c><77>さねられていく</c>,またすみにつみかさねられていく
81.198,81.465,-1,78,<91>また隅に</c><90>積重</c><77>ねられていく</c>,また隅に積重ねられていく
81.198,81.465,-1,0,<91>またすみに</c><90>つみかさ</c><77>ねられていく</c>,またすみにつみかさねられていく
81.465,81.765,-1,78,<91>また隅に</c><90>積重ね</c><77>られていく</c>,また隅に積重ねられていく
81.465,81.765,-1,0,<91>またすみに</c><90>つみかさね</c><77>られていく</c>,またすみにつみかさねられていく
81.765,81.965,-1,78,<91>また隅に</c><90>積重ね</c><71>ら</c><77>れていく</c>,また隅に積重ねられていく
81.765,81.965,-1,0,<91>またすみに</c><90>つみかさね</c><71>ら</c><77>れていく</c>,またすみにつみかさねられていく
81.965,82.166,-1,78,<91>また隅に</c><90>積重ね</c><71>られ</c><77>ていく</c>,また隅に積重ねられていく
81.965,82.166,-1,0,<91>またすみに</c><90>つみかさね</c><71>られ</c><77>ていく</c>,またすみにつみかさねられていく
82.166,82.332,-1,78,<91>また隅に</c><90>積重ね</c><71>られて</c><77>いく</c>,また隅に積重ねられていく
82.166,82.332,-1,0,<91>またすみに</c><90>つみかさね</c><71>られて</c><77>いく</c>,またすみにつみかさねられていく
82.332,82.533,-1,78,<91>また隅に</c><90>積重ね</c><71>られてい</c><77>く</c>,また隅に積重ねられていく
82.332,82.533,-1,0,<91>またすみに</c><90>つみかさね</c><71>られてい</c><77>く</c>,またすみにつみかさねられていく
82.533,82.8,-1,78,<91>また隅に</c><90>積重ね</c><71>られていく</c>,また隅に積重ねられていく
82.533,82.8,-1,0,<91>またすみに</c><90>つみかさね</c><71>られていく</c>,またすみにつみかさねられていく
82.8,83.067,-1,78,<90>祈</c><77>り丸め投放つ</c>,祈り丸め投放つ
82.8,83.067,-1,0,<90>い</c><77>のりまるめなげはなつ</c>,いのりまるめなげはなつ
83.067,83.367,-1,78,<90>祈</c><77>り丸め投放つ</c>,祈り丸め投放つ
83.067,83.367,-1,0,<90>いの</c><77>りまるめなげはなつ</c>,いのりまるめなげはなつ
83.367,83.6,-1,78,<90>祈り</c><77>丸め投放つ</c>,祈り丸め投放つ
83.367,83.6,-1,0,<90>いのり</c><77>まるめなげはなつ</c>,いのりまるめなげはなつ
83.6,83.901,-1,78,<90>祈り</c><71>丸</c><77>め投放つ</c>,祈り丸め投放つ
83.6,83.901,-1,0,<90>いのり</c><71>ま</c><77>るめなげはなつ</c>,いのりまるめなげはなつ
83.901,84.168,-1,78,<90>祈り</c><71>丸</c><77>め投放つ</c>,祈り丸め投放つ
83.901,84.168,-1,0,<90>いのり</c><71>まる</c><77>めなげはなつ</c>,いのりまるめなげはなつ
84.168,84.535,-1,78,<90>祈り</c><71>丸め</c><77>投放つ</c>,祈り丸め投放つ
84.168,84.535,-1,0,<90>いのり</c><71>まるめ</c><77>なげはなつ</c>,いのりまるめなげはなつ
84.535,84.735,-1,78,<90>祈り</c><71>丸め</c><91>投</c><77>放つ</c>,祈り丸め投放つ
84.535,84.735,-1,0,<90>いのり</c><71>まるめ</c><91>な</c><77>げはなつ</c>,いのりまるめなげはなつ
84.735,84.935,-1,78,<90>祈り</c><71>丸め</c><91>投</c><77>放つ</c>,祈り丸め投放つ
84.735,84.935,-1,0,<90>いのり</c><71>まるめ</c><91>なげ</c><77>はなつ</c>,いのりまるめなげはなつ
84.935,85.135,-1,78,<90>祈り</c><71>丸め</c><91>投放</c><77>つ</c>,祈り丸め投放つ
84.935,85.135,-1,0,<90>いのり</c><71>まるめ</c><91>なげは</c><77>なつ</c>,いのりまるめなげはなつ
85.135,85.335,-1,78,<90>祈り</c><71>丸め</c><91>投放</c><77>つ</c>,祈り丸め投放つ
85.135,85.335,-1,0,<90>いのり</c><71>まるめ</c><91>なげはな</c><77>つ</c>,いのりまるめなげはなつ
85.335,87.838,-1,78,<90>祈り</c><71>丸め</c><91>投放つ</c>,祈り丸め投放つ
85.335,87.838,-1,0,<90>いのり</c><71>まるめ</c><91>なげはなつ</c>,いのりまるめなげはなつ
